{"cells":[{"cell_type":"code","source":["import pyspark.sql.functions as F\nfrom pyspark.sql.functions import *\nfrom pyspark.sql import SparkSession, functions as S\nspark = SparkSession.builder.getOrCreate()\n\n"],"metadata":{"application/vnd.databricks.v1+cell":{"title":"","showTitle":false,"inputWidgets":{},"nuid":"290f628d-50b4-403f-88fb-448002415be4"}},"outputs":[],"execution_count":0},{"cell_type":"code","source":["# Importando o arquivo\ndf=spark.read.format(\"csv\")\\\n.option(\"header\",\"true\")\\\n.option(\"sep\",\";\")\\\n.option(\"inferSchema\",\"True\")\\\n.load(\"dbfs:/FileStore/shared_uploads/leonildo.silva@tmf-group.com/base_mensalizada_de_funcionarios-1.csv\")"],"metadata":{"application/vnd.databricks.v1+cell":{"title":"Passo 1 - importando e analisando o arquivo","showTitle":true,"inputWidgets":{},"nuid":"4e576a18-6105-41fd-8ad0-14f3cd01f23f"}},"outputs":[],"execution_count":0},{"cell_type":"code","source":["# Visualizando o schema das colunas\ndf.printSchema()"],"metadata":{"application/vnd.databricks.v1+cell":{"title":"","showTitle":false,"inputWidgets":{},"nuid":"112b2a9f-f7bb-4d8b-b29a-5a68bd53c00e"}},"outputs":[{"output_type":"display_data","metadata":{"application/vnd.databricks.v1+output":{"datasetInfos":[],"data":"root\n |-- mes_referencia: string (nullable = true)\n |-- id_funcionario: integer (nullable = true)\n |-- data_de_nascimento: string (nullable = true)\n |-- data_de_admissao: string (nullable = true)\n |-- data_de_demissao: string (nullable = true)\n |-- grau_de_instrucao: string (nullable = true)\n |-- cargo: string (nullable = true)\n |-- salario: string (nullable = true)\n\n","removedWidgets":[],"addedWidgets":{},"metadata":{},"type":"ansi","arguments":{}}},"output_type":"display_data","data":{"text/plain":["root\n |-- mes_referencia: string (nullable = true)\n |-- id_funcionario: integer (nullable = true)\n |-- data_de_nascimento: string (nullable = true)\n |-- data_de_admissao: string (nullable = true)\n |-- data_de_demissao: string (nullable = true)\n |-- grau_de_instrucao: string (nullable = true)\n |-- cargo: string (nullable = true)\n |-- salario: string (nullable = true)\n\n"]}}],"execution_count":0},{"cell_type":"code","source":["# Visualizando os dados \ndf.show()"],"metadata":{"application/vnd.databricks.v1+cell":{"title":"","showTitle":false,"inputWidgets":{},"nuid":"ddbd06de-e40c-4627-a50d-5902250220c9"}},"outputs":[{"output_type":"display_data","metadata":{"application/vnd.databricks.v1+output":{"datasetInfos":[],"data":"+--------------+--------------+------------------+----------------+----------------+--------------------+--------------------+-------+\n|mes_referencia|id_funcionario|data_de_nascimento|data_de_admissao|data_de_demissao|   grau_de_instrucao|               cargo|salario|\n+--------------+--------------+------------------+----------------+----------------+--------------------+--------------------+-------+\n|    01/01/2020|         11223|        01/04/1995|      01/06/2018|            null|   4ª série completo|operador de colhe...|   1500|\n|    01/01/2020|         13456|        05/03/1960|      11/02/2002|            null|   ensino médio comp|    assistente de rh|   1400|\n|    01/01/2020|         12345|        02/11/1980|            null|            null|ensino fundamenta...|operador de colhe...|   1800|\n|    01/01/2020|         24457|        26/07/2000|      10/05/2020|            null|            mestrado| gerente de produção|  11500|\n|    01/01/2020|         13254|        22/05/1977|      03/09/2005|            null|ensino medio inco...|operador de colhe...|   1625|\n|    01/01/2020|         57687|        28/05/1991|      18/10/2015|            null|           doutorado|  cientista de dados|   7200|\n|    01/01/2020|         46578|        11/01/1972|      26/11/2009|            null|ensino superior c...|analista de siste...|   7500|\n|    01/01/2020|         46578|        11/01/1972|      26/11/2009|            null|ensino superior c...|analista de siste...|   7500|\n|    01/01/2020|         59393|        17/05/1998|      08/01/2019|            null|ensino médio comp...|assistente admini...|   1400|\n|    01/01/2020|         95847|        23/04/1993|      25/04/2012|            null|           graduação| líder de tecnologia|  11800|\n|    01/01/2020|         46457|        12/02/1982|      07/11/1998|            null|       pós graduação|      analista de BI|   5900|\n|    01/02/2020|         11223|        01/04/1995|      01/06/2018|            null|   4ª série completo|operador de colhe...|   1500|\n|    01/02/2020|         13456|        05/03/1960|      11/02/2002|            null|   ensino médio comp|    assistente de rh|   1400|\n|    01/02/2020|         12345|        02/11/1980|      24/05/2010|            null|ensino fundamenta...|operador de colhe...|   1800|\n|    01/02/2020|         24457|        26/07/2000|            null|            null|            mestrado| gerente de produção|  11500|\n|    01/02/2020|         13254|              null|      03/09/2005|            null|ensino medio inco...|operador de colhe...|   1625|\n|    01/02/2020|         57687|        28/05/1991|      18/10/2015|            null|           doutorado|  cientista de dados|   7200|\n|    01/02/2020|         46578|        11/01/1972|      26/11/2009|            null|ensino superior c...|analista de siste...|   7500|\n|    01/02/2020|         59393|        17/05/1998|      08/01/2019|            null|ensino médio comp...|assistente admini...|   1400|\n|    01/02/2020|         95847|        23/04/1993|      25/04/2012|            null|           graduação| líder de tecnologia|  11800|\n+--------------+--------------+------------------+----------------+----------------+--------------------+--------------------+-------+\nonly showing top 20 rows\n\n","removedWidgets":[],"addedWidgets":{},"metadata":{},"type":"ansi","arguments":{}}},"output_type":"display_data","data":{"text/plain":["+--------------+--------------+------------------+----------------+----------------+--------------------+--------------------+-------+\n|mes_referencia|id_funcionario|data_de_nascimento|data_de_admissao|data_de_demissao|   grau_de_instrucao|               cargo|salario|\n+--------------+--------------+------------------+----------------+----------------+--------------------+--------------------+-------+\n|    01/01/2020|         11223|        01/04/1995|      01/06/2018|            null|   4ª série completo|operador de colhe...|   1500|\n|    01/01/2020|         13456|        05/03/1960|      11/02/2002|            null|   ensino médio comp|    assistente de rh|   1400|\n|    01/01/2020|         12345|        02/11/1980|            null|            null|ensino fundamenta...|operador de colhe...|   1800|\n|    01/01/2020|         24457|        26/07/2000|      10/05/2020|            null|            mestrado| gerente de produção|  11500|\n|    01/01/2020|         13254|        22/05/1977|      03/09/2005|            null|ensino medio inco...|operador de colhe...|   1625|\n|    01/01/2020|         57687|        28/05/1991|      18/10/2015|            null|           doutorado|  cientista de dados|   7200|\n|    01/01/2020|         46578|        11/01/1972|      26/11/2009|            null|ensino superior c...|analista de siste...|   7500|\n|    01/01/2020|         46578|        11/01/1972|      26/11/2009|            null|ensino superior c...|analista de siste...|   7500|\n|    01/01/2020|         59393|        17/05/1998|      08/01/2019|            null|ensino médio comp...|assistente admini...|   1400|\n|    01/01/2020|         95847|        23/04/1993|      25/04/2012|            null|           graduação| líder de tecnologia|  11800|\n|    01/01/2020|         46457|        12/02/1982|      07/11/1998|            null|       pós graduação|      analista de BI|   5900|\n|    01/02/2020|         11223|        01/04/1995|      01/06/2018|            null|   4ª série completo|operador de colhe...|   1500|\n|    01/02/2020|         13456|        05/03/1960|      11/02/2002|            null|   ensino médio comp|    assistente de rh|   1400|\n|    01/02/2020|         12345|        02/11/1980|      24/05/2010|            null|ensino fundamenta...|operador de colhe...|   1800|\n|    01/02/2020|         24457|        26/07/2000|            null|            null|            mestrado| gerente de produção|  11500|\n|    01/02/2020|         13254|              null|      03/09/2005|            null|ensino medio inco...|operador de colhe...|   1625|\n|    01/02/2020|         57687|        28/05/1991|      18/10/2015|            null|           doutorado|  cientista de dados|   7200|\n|    01/02/2020|         46578|        11/01/1972|      26/11/2009|            null|ensino superior c...|analista de siste...|   7500|\n|    01/02/2020|         59393|        17/05/1998|      08/01/2019|            null|ensino médio comp...|assistente admini...|   1400|\n|    01/02/2020|         95847|        23/04/1993|      25/04/2012|            null|           graduação| líder de tecnologia|  11800|\n+--------------+--------------+------------------+----------------+----------------+--------------------+--------------------+-------+\nonly showing top 20 rows\n\n"]}}],"execution_count":0},{"cell_type":"code","source":["# Criando uma view para analisar os dados usando sql \ndf.createOrReplaceTempView(\"funcionarios\")"],"metadata":{"application/vnd.databricks.v1+cell":{"title":"","showTitle":false,"inputWidgets":{},"nuid":"4da97ca3-36ab-4c67-b12c-ef73a35bd957"}},"outputs":[],"execution_count":0},{"cell_type":"code","source":["%sql\n--Analisando a quantidade duplicidades\n\nselect mes_referencia,id_funcionario,count(*) from funcionarios\ngroup by mes_referencia,id_funcionario\nhaving count(*)>1"],"metadata":{"application/vnd.databricks.v1+cell":{"title":"","showTitle":false,"inputWidgets":{},"nuid":"e9736e96-c30f-4d06-a6ba-23dfda245a84"}},"outputs":[{"output_type":"display_data","metadata":{"application/vnd.databricks.v1+output":{"overflow":false,"datasetInfos":[],"data":[["01/07/2020",12345,2],["01/04/2020",13456,2],["01/06/2020",46457,2],["01/01/2020",46578,2],["01/05/2020",13254,2],["01/07/2020",57687,2]],"plotOptions":{"displayType":"table","customPlotOptions":{},"pivotColumns":null,"pivotAggregation":null,"xColumns":null,"yColumns":null},"columnCustomDisplayInfos":{},"aggType":"","isJsonSchema":true,"removedWidgets":[],"aggSchema":[],"schema":[{"name":"mes_referencia","type":"\"string\"","metadata":"{}"},{"name":"id_funcionario","type":"\"integer\"","metadata":"{}"},{"name":"count(1)","type":"\"long\"","metadata":"{\"__autoGeneratedAlias\":\"true\"}"}],"aggError":"","aggData":[],"addedWidgets":{},"metadata":{"isDbfsCommandResult":false},"dbfsResultPath":null,"type":"table","aggOverflow":false,"aggSeriesLimitReached":false,"arguments":{}}},"output_type":"display_data","data":{"text/html":["<style scoped>\n  .table-result-container {\n    max-height: 300px;\n    overflow: auto;\n  }\n  table, th, td {\n    border: 1px solid black;\n    border-collapse: collapse;\n  }\n  th, td {\n    padding: 5px;\n  }\n  th {\n    text-align: left;\n  }\n</style><div class='table-result-container'><table class='table-result'><thead style='background-color: white'><tr><th>mes_referencia</th><th>id_funcionario</th><th>count(1)</th></tr></thead><tbody><tr><td>01/07/2020</td><td>12345</td><td>2</td></tr><tr><td>01/04/2020</td><td>13456</td><td>2</td></tr><tr><td>01/06/2020</td><td>46457</td><td>2</td></tr><tr><td>01/01/2020</td><td>46578</td><td>2</td></tr><tr><td>01/05/2020</td><td>13254</td><td>2</td></tr><tr><td>01/07/2020</td><td>57687</td><td>2</td></tr></tbody></table></div>"]}}],"execution_count":0},{"cell_type":"code","source":["# Analisando a quantidade de dados nulos de cada coluna\ndf.select([count(when(isnan(c) | col(c).isNull(), c)).alias(c) for c in df.columns]).show()"],"metadata":{"application/vnd.databricks.v1+cell":{"title":"","showTitle":false,"inputWidgets":{},"nuid":"9a8fb37d-58d4-4b37-ac24-3b553da658c5"}},"outputs":[{"output_type":"display_data","metadata":{"application/vnd.databricks.v1+output":{"datasetInfos":[],"data":"+--------------+--------------+------------------+----------------+----------------+-----------------+-----+-------+\n|mes_referencia|id_funcionario|data_de_nascimento|data_de_admissao|data_de_demissao|grau_de_instrucao|cargo|salario|\n+--------------+--------------+------------------+----------------+----------------+-----------------+-----+-------+\n|             0|             0|                 3|               4|             119|                0|    0|      0|\n+--------------+--------------+------------------+----------------+----------------+-----------------+-----+-------+\n\n","removedWidgets":[],"addedWidgets":{},"metadata":{},"type":"ansi","arguments":{}}},"output_type":"display_data","data":{"text/plain":["+--------------+--------------+------------------+----------------+----------------+-----------------+-----+-------+\n|mes_referencia|id_funcionario|data_de_nascimento|data_de_admissao|data_de_demissao|grau_de_instrucao|cargo|salario|\n+--------------+--------------+------------------+----------------+----------------+-----------------+-----+-------+\n|             0|             0|                 3|               4|             119|                0|    0|      0|\n+--------------+--------------+------------------+----------------+----------------+-----------------+-----+-------+\n\n"]}}],"execution_count":0},{"cell_type":"code","source":["# Filtrando quais valores estão nulos na coluna data_de_nascimento\ndf.filter(\"data_de_nascimento is null\").show()"],"metadata":{"application/vnd.databricks.v1+cell":{"title":"","showTitle":false,"inputWidgets":{},"nuid":"ae14a0a9-6e22-4107-bd5c-83df69111b26"}},"outputs":[{"output_type":"display_data","metadata":{"application/vnd.databricks.v1+output":{"datasetInfos":[],"data":"+--------------+--------------+------------------+----------------+----------------+--------------------+--------------------+-------+\n|mes_referencia|id_funcionario|data_de_nascimento|data_de_admissao|data_de_demissao|   grau_de_instrucao|               cargo|salario|\n+--------------+--------------+------------------+----------------+----------------+--------------------+--------------------+-------+\n|    01/02/2020|         13254|              null|      03/09/2005|            null|ensino medio inco...|operador de colhe...|   1625|\n|    01/05/2020|         46578|              null|      26/11/2009|            null|ensino superior c...|analista de siste...|   7500|\n|    01/07/2020|         12345|              null|            null|            null|ensino fundamenta...|operador de colhe...|   1950|\n+--------------+--------------+------------------+----------------+----------------+--------------------+--------------------+-------+\n\n","removedWidgets":[],"addedWidgets":{},"metadata":{},"type":"ansi","arguments":{}}},"output_type":"display_data","data":{"text/plain":["+--------------+--------------+------------------+----------------+----------------+--------------------+--------------------+-------+\n|mes_referencia|id_funcionario|data_de_nascimento|data_de_admissao|data_de_demissao|   grau_de_instrucao|               cargo|salario|\n+--------------+--------------+------------------+----------------+----------------+--------------------+--------------------+-------+\n|    01/02/2020|         13254|              null|      03/09/2005|            null|ensino medio inco...|operador de colhe...|   1625|\n|    01/05/2020|         46578|              null|      26/11/2009|            null|ensino superior c...|analista de siste...|   7500|\n|    01/07/2020|         12345|              null|            null|            null|ensino fundamenta...|operador de colhe...|   1950|\n+--------------+--------------+------------------+----------------+----------------+--------------------+--------------------+-------+\n\n"]}}],"execution_count":0},{"cell_type":"code","source":["# Substituir os valores nulos por dados fixos (colunas como data de admissão, data de nascimento, id do funcionário, grau de instrução, cargo e salário não podem conter valores nulos)\ndf=df.na.fill(value='01/01/1800',subset=[\"mes_referencia\"])\ndf=df.na.fill(value=0,subset=[\"Id_funcionario\"])\ndf=df.na.fill(value='01/01/1800',subset=[\"data_de_nascimento\"])\ndf=df.na.fill(value='01/01/1800',subset=[\"data_de_admissao\"])\ndf=df.na.fill(value=\"Nao cadastrado\",subset=[\"grau_de_instrucao\"])\ndf=df.na.fill(value=\"Nao cadastrado\",subset=[\"cargo\"])\ndf=df.na.fill(value=0,subset=[\"salario\"])\ndf.show()"],"metadata":{"application/vnd.databricks.v1+cell":{"title":"Passo 2 - Tratando os dados","showTitle":true,"inputWidgets":{},"nuid":"d130080f-d350-4b28-804f-7b76171cd758"}},"outputs":[{"output_type":"display_data","metadata":{"application/vnd.databricks.v1+output":{"datasetInfos":[],"data":"+--------------+--------------+------------------+----------------+----------------+--------------------+--------------------+-------+\n|mes_referencia|id_funcionario|data_de_nascimento|data_de_admissao|data_de_demissao|   grau_de_instrucao|               cargo|salario|\n+--------------+--------------+------------------+----------------+----------------+--------------------+--------------------+-------+\n|    01/01/2020|         11223|        01/04/1995|      01/06/2018|            null|   4ª série completo|operador de colhe...|   1500|\n|    01/01/2020|         13456|        05/03/1960|      11/02/2002|            null|   ensino médio comp|    assistente de rh|   1400|\n|    01/01/2020|         12345|        02/11/1980|      01/01/1800|            null|ensino fundamenta...|operador de colhe...|   1800|\n|    01/01/2020|         24457|        26/07/2000|      10/05/2020|            null|            mestrado| gerente de produção|  11500|\n|    01/01/2020|         13254|        22/05/1977|      03/09/2005|            null|ensino medio inco...|operador de colhe...|   1625|\n|    01/01/2020|         57687|        28/05/1991|      18/10/2015|            null|           doutorado|  cientista de dados|   7200|\n|    01/01/2020|         46578|        11/01/1972|      26/11/2009|            null|ensino superior c...|analista de siste...|   7500|\n|    01/01/2020|         46578|        11/01/1972|      26/11/2009|            null|ensino superior c...|analista de siste...|   7500|\n|    01/01/2020|         59393|        17/05/1998|      08/01/2019|            null|ensino médio comp...|assistente admini...|   1400|\n|    01/01/2020|         95847|        23/04/1993|      25/04/2012|            null|           graduação| líder de tecnologia|  11800|\n|    01/01/2020|         46457|        12/02/1982|      07/11/1998|            null|       pós graduação|      analista de BI|   5900|\n|    01/02/2020|         11223|        01/04/1995|      01/06/2018|            null|   4ª série completo|operador de colhe...|   1500|\n|    01/02/2020|         13456|        05/03/1960|      11/02/2002|            null|   ensino médio comp|    assistente de rh|   1400|\n|    01/02/2020|         12345|        02/11/1980|      24/05/2010|            null|ensino fundamenta...|operador de colhe...|   1800|\n|    01/02/2020|         24457|        26/07/2000|      01/01/1800|            null|            mestrado| gerente de produção|  11500|\n|    01/02/2020|         13254|        01/01/1800|      03/09/2005|            null|ensino medio inco...|operador de colhe...|   1625|\n|    01/02/2020|         57687|        28/05/1991|      18/10/2015|            null|           doutorado|  cientista de dados|   7200|\n|    01/02/2020|         46578|        11/01/1972|      26/11/2009|            null|ensino superior c...|analista de siste...|   7500|\n|    01/02/2020|         59393|        17/05/1998|      08/01/2019|            null|ensino médio comp...|assistente admini...|   1400|\n|    01/02/2020|         95847|        23/04/1993|      25/04/2012|            null|           graduação| líder de tecnologia|  11800|\n+--------------+--------------+------------------+----------------+----------------+--------------------+--------------------+-------+\nonly showing top 20 rows\n\n","removedWidgets":[],"addedWidgets":{},"metadata":{},"type":"ansi","arguments":{}}},"output_type":"display_data","data":{"text/plain":["+--------------+--------------+------------------+----------------+----------------+--------------------+--------------------+-------+\n|mes_referencia|id_funcionario|data_de_nascimento|data_de_admissao|data_de_demissao|   grau_de_instrucao|               cargo|salario|\n+--------------+--------------+------------------+----------------+----------------+--------------------+--------------------+-------+\n|    01/01/2020|         11223|        01/04/1995|      01/06/2018|            null|   4ª série completo|operador de colhe...|   1500|\n|    01/01/2020|         13456|        05/03/1960|      11/02/2002|            null|   ensino médio comp|    assistente de rh|   1400|\n|    01/01/2020|         12345|        02/11/1980|      01/01/1800|            null|ensino fundamenta...|operador de colhe...|   1800|\n|    01/01/2020|         24457|        26/07/2000|      10/05/2020|            null|            mestrado| gerente de produção|  11500|\n|    01/01/2020|         13254|        22/05/1977|      03/09/2005|            null|ensino medio inco...|operador de colhe...|   1625|\n|    01/01/2020|         57687|        28/05/1991|      18/10/2015|            null|           doutorado|  cientista de dados|   7200|\n|    01/01/2020|         46578|        11/01/1972|      26/11/2009|            null|ensino superior c...|analista de siste...|   7500|\n|    01/01/2020|         46578|        11/01/1972|      26/11/2009|            null|ensino superior c...|analista de siste...|   7500|\n|    01/01/2020|         59393|        17/05/1998|      08/01/2019|            null|ensino médio comp...|assistente admini...|   1400|\n|    01/01/2020|         95847|        23/04/1993|      25/04/2012|            null|           graduação| líder de tecnologia|  11800|\n|    01/01/2020|         46457|        12/02/1982|      07/11/1998|            null|       pós graduação|      analista de BI|   5900|\n|    01/02/2020|         11223|        01/04/1995|      01/06/2018|            null|   4ª série completo|operador de colhe...|   1500|\n|    01/02/2020|         13456|        05/03/1960|      11/02/2002|            null|   ensino médio comp|    assistente de rh|   1400|\n|    01/02/2020|         12345|        02/11/1980|      24/05/2010|            null|ensino fundamenta...|operador de colhe...|   1800|\n|    01/02/2020|         24457|        26/07/2000|      01/01/1800|            null|            mestrado| gerente de produção|  11500|\n|    01/02/2020|         13254|        01/01/1800|      03/09/2005|            null|ensino medio inco...|operador de colhe...|   1625|\n|    01/02/2020|         57687|        28/05/1991|      18/10/2015|            null|           doutorado|  cientista de dados|   7200|\n|    01/02/2020|         46578|        11/01/1972|      26/11/2009|            null|ensino superior c...|analista de siste...|   7500|\n|    01/02/2020|         59393|        17/05/1998|      08/01/2019|            null|ensino médio comp...|assistente admini...|   1400|\n|    01/02/2020|         95847|        23/04/1993|      25/04/2012|            null|           graduação| líder de tecnologia|  11800|\n+--------------+--------------+------------------+----------------+----------------+--------------------+--------------------+-------+\nonly showing top 20 rows\n\n"]}}],"execution_count":0},{"cell_type":"code","source":["# Analisando a quantidade de dados nulos de cada coluna\ndf.select([count(when(isnan(c) | col(c).isNull(), c)).alias(c) for c in df.columns]).show()"],"metadata":{"application/vnd.databricks.v1+cell":{"title":"","showTitle":false,"inputWidgets":{},"nuid":"980be499-0d40-4964-9ebd-489380db6f93"}},"outputs":[{"output_type":"display_data","metadata":{"application/vnd.databricks.v1+output":{"datasetInfos":[],"data":"+--------------+--------------+------------------+----------------+----------------+-----------------+-----+-------+\n|mes_referencia|id_funcionario|data_de_nascimento|data_de_admissao|data_de_demissao|grau_de_instrucao|cargo|salario|\n+--------------+--------------+------------------+----------------+----------------+-----------------+-----+-------+\n|             0|             0|                 0|               0|             119|                0|    0|      0|\n+--------------+--------------+------------------+----------------+----------------+-----------------+-----+-------+\n\n","removedWidgets":[],"addedWidgets":{},"metadata":{},"type":"ansi","arguments":{}}},"output_type":"display_data","data":{"text/plain":["+--------------+--------------+------------------+----------------+----------------+-----------------+-----+-------+\n|mes_referencia|id_funcionario|data_de_nascimento|data_de_admissao|data_de_demissao|grau_de_instrucao|cargo|salario|\n+--------------+--------------+------------------+----------------+----------------+-----------------+-----+-------+\n|             0|             0|                 0|               0|             119|                0|    0|      0|\n+--------------+--------------+------------------+----------------+----------------+-----------------+-----+-------+\n\n"]}}],"execution_count":0},{"cell_type":"code","source":["# Formatando as colunas\ndf = df.withColumn(\"mes_referencia\",F.to_date(col(\"mes_referencia\"),\"dd/MM/yyyy\")) \\\n.withColumn(\"data_de_nascimento\",F.to_date(col(\"data_de_nascimento\"),\"dd/MM/yyyy\")) \\\n.withColumn(\"data_de_admissao\",F.to_date(col(\"data_de_admissao\"),\"dd/MM/yyyy\")) \\\n.withColumn(\"data_de_demissao\",F.to_date(col(\"data_de_demissao\"),\"dd/MM/yyyy\"))\\\n.withColumn(\"Id_funcionario\",df[\"Id_funcionario\"].cast('integer'))\\\n.withColumn(\"salario\",df[\"salario\"].cast('float'))\n\ndf.show()"],"metadata":{"application/vnd.databricks.v1+cell":{"title":"","showTitle":false,"inputWidgets":{},"nuid":"7d2ffda4-13a1-4379-83b9-c97359ab4eed"}},"outputs":[{"output_type":"display_data","metadata":{"application/vnd.databricks.v1+output":{"datasetInfos":[],"data":"+--------------+--------------+------------------+----------------+----------------+--------------------+--------------------+-------+\n|mes_referencia|Id_funcionario|data_de_nascimento|data_de_admissao|data_de_demissao|   grau_de_instrucao|               cargo|salario|\n+--------------+--------------+------------------+----------------+----------------+--------------------+--------------------+-------+\n|    2020-01-01|         11223|        1995-04-01|      2018-06-01|            null|   4ª série completo|operador de colhe...| 1500.0|\n|    2020-01-01|         13456|        1960-03-05|      2002-02-11|            null|   ensino médio comp|    assistente de rh| 1400.0|\n|    2020-01-01|         12345|        1980-11-02|      1800-01-01|            null|ensino fundamenta...|operador de colhe...| 1800.0|\n|    2020-01-01|         24457|        2000-07-26|      2020-05-10|            null|            mestrado| gerente de produção|11500.0|\n|    2020-01-01|         13254|        1977-05-22|      2005-09-03|            null|ensino medio inco...|operador de colhe...| 1625.0|\n|    2020-01-01|         57687|        1991-05-28|      2015-10-18|            null|           doutorado|  cientista de dados| 7200.0|\n|    2020-01-01|         46578|        1972-01-11|      2009-11-26|            null|ensino superior c...|analista de siste...| 7500.0|\n|    2020-01-01|         46578|        1972-01-11|      2009-11-26|            null|ensino superior c...|analista de siste...| 7500.0|\n|    2020-01-01|         59393|        1998-05-17|      2019-01-08|            null|ensino médio comp...|assistente admini...| 1400.0|\n|    2020-01-01|         95847|        1993-04-23|      2012-04-25|            null|           graduação| líder de tecnologia|11800.0|\n|    2020-01-01|         46457|        1982-02-12|      1998-11-07|            null|       pós graduação|      analista de BI| 5900.0|\n|    2020-02-01|         11223|        1995-04-01|      2018-06-01|            null|   4ª série completo|operador de colhe...| 1500.0|\n|    2020-02-01|         13456|        1960-03-05|      2002-02-11|            null|   ensino médio comp|    assistente de rh| 1400.0|\n|    2020-02-01|         12345|        1980-11-02|      2010-05-24|            null|ensino fundamenta...|operador de colhe...| 1800.0|\n|    2020-02-01|         24457|        2000-07-26|      1800-01-01|            null|            mestrado| gerente de produção|11500.0|\n|    2020-02-01|         13254|        1800-01-01|      2005-09-03|            null|ensino medio inco...|operador de colhe...| 1625.0|\n|    2020-02-01|         57687|        1991-05-28|      2015-10-18|            null|           doutorado|  cientista de dados| 7200.0|\n|    2020-02-01|         46578|        1972-01-11|      2009-11-26|            null|ensino superior c...|analista de siste...| 7500.0|\n|    2020-02-01|         59393|        1998-05-17|      2019-01-08|            null|ensino médio comp...|assistente admini...| 1400.0|\n|    2020-02-01|         95847|        1993-04-23|      2012-04-25|            null|           graduação| líder de tecnologia|11800.0|\n+--------------+--------------+------------------+----------------+----------------+--------------------+--------------------+-------+\nonly showing top 20 rows\n\n","removedWidgets":[],"addedWidgets":{},"metadata":{},"type":"ansi","arguments":{}}},"output_type":"display_data","data":{"text/plain":["+--------------+--------------+------------------+----------------+----------------+--------------------+--------------------+-------+\n|mes_referencia|Id_funcionario|data_de_nascimento|data_de_admissao|data_de_demissao|   grau_de_instrucao|               cargo|salario|\n+--------------+--------------+------------------+----------------+----------------+--------------------+--------------------+-------+\n|    2020-01-01|         11223|        1995-04-01|      2018-06-01|            null|   4ª série completo|operador de colhe...| 1500.0|\n|    2020-01-01|         13456|        1960-03-05|      2002-02-11|            null|   ensino médio comp|    assistente de rh| 1400.0|\n|    2020-01-01|         12345|        1980-11-02|      1800-01-01|            null|ensino fundamenta...|operador de colhe...| 1800.0|\n|    2020-01-01|         24457|        2000-07-26|      2020-05-10|            null|            mestrado| gerente de produção|11500.0|\n|    2020-01-01|         13254|        1977-05-22|      2005-09-03|            null|ensino medio inco...|operador de colhe...| 1625.0|\n|    2020-01-01|         57687|        1991-05-28|      2015-10-18|            null|           doutorado|  cientista de dados| 7200.0|\n|    2020-01-01|         46578|        1972-01-11|      2009-11-26|            null|ensino superior c...|analista de siste...| 7500.0|\n|    2020-01-01|         46578|        1972-01-11|      2009-11-26|            null|ensino superior c...|analista de siste...| 7500.0|\n|    2020-01-01|         59393|        1998-05-17|      2019-01-08|            null|ensino médio comp...|assistente admini...| 1400.0|\n|    2020-01-01|         95847|        1993-04-23|      2012-04-25|            null|           graduação| líder de tecnologia|11800.0|\n|    2020-01-01|         46457|        1982-02-12|      1998-11-07|            null|       pós graduação|      analista de BI| 5900.0|\n|    2020-02-01|         11223|        1995-04-01|      2018-06-01|            null|   4ª série completo|operador de colhe...| 1500.0|\n|    2020-02-01|         13456|        1960-03-05|      2002-02-11|            null|   ensino médio comp|    assistente de rh| 1400.0|\n|    2020-02-01|         12345|        1980-11-02|      2010-05-24|            null|ensino fundamenta...|operador de colhe...| 1800.0|\n|    2020-02-01|         24457|        2000-07-26|      1800-01-01|            null|            mestrado| gerente de produção|11500.0|\n|    2020-02-01|         13254|        1800-01-01|      2005-09-03|            null|ensino medio inco...|operador de colhe...| 1625.0|\n|    2020-02-01|         57687|        1991-05-28|      2015-10-18|            null|           doutorado|  cientista de dados| 7200.0|\n|    2020-02-01|         46578|        1972-01-11|      2009-11-26|            null|ensino superior c...|analista de siste...| 7500.0|\n|    2020-02-01|         59393|        1998-05-17|      2019-01-08|            null|ensino médio comp...|assistente admini...| 1400.0|\n|    2020-02-01|         95847|        1993-04-23|      2012-04-25|            null|           graduação| líder de tecnologia|11800.0|\n+--------------+--------------+------------------+----------------+----------------+--------------------+--------------------+-------+\nonly showing top 20 rows\n\n"]}}],"execution_count":0},{"cell_type":"code","source":["# Analisando a quantidade de dados nulos de cada coluna novamente após a formatação\n\ndf.select([count(when(col(c).isNull(), c)).alias(c) for c in df.columns]).show()\n\n"],"metadata":{"application/vnd.databricks.v1+cell":{"title":"","showTitle":false,"inputWidgets":{},"nuid":"5b55579d-e26b-41c4-b5e5-6de654471858"}},"outputs":[{"output_type":"display_data","metadata":{"application/vnd.databricks.v1+output":{"datasetInfos":[],"data":"+--------------+--------------+------------------+----------------+----------------+-----------------+-----+-------+\n|mes_referencia|Id_funcionario|data_de_nascimento|data_de_admissao|data_de_demissao|grau_de_instrucao|cargo|salario|\n+--------------+--------------+------------------+----------------+----------------+-----------------+-----+-------+\n|             0|             0|                 0|               0|             119|                0|    0|      1|\n+--------------+--------------+------------------+----------------+----------------+-----------------+-----+-------+\n\n","removedWidgets":[],"addedWidgets":{},"metadata":{},"type":"ansi","arguments":{}}},"output_type":"display_data","data":{"text/plain":["+--------------+--------------+------------------+----------------+----------------+-----------------+-----+-------+\n|mes_referencia|Id_funcionario|data_de_nascimento|data_de_admissao|data_de_demissao|grau_de_instrucao|cargo|salario|\n+--------------+--------------+------------------+----------------+----------------+-----------------+-----+-------+\n|             0|             0|                 0|               0|             119|                0|    0|      1|\n+--------------+--------------+------------------+----------------+----------------+-----------------+-----+-------+\n\n"]}}],"execution_count":0},{"cell_type":"code","source":["#Verificando qual linha ficou nula na coluna salario após a formatação.\ndf.filter(\"salario is null\").show()"],"metadata":{"application/vnd.databricks.v1+cell":{"title":"","showTitle":false,"inputWidgets":{},"nuid":"4964ea90-361d-4abb-b3d6-e89b261747fa"}},"outputs":[{"output_type":"display_data","metadata":{"application/vnd.databricks.v1+output":{"datasetInfos":[],"data":"+--------------+--------------+------------------+----------------+----------------+-----------------+-------------------+-------+\n|mes_referencia|Id_funcionario|data_de_nascimento|data_de_admissao|data_de_demissao|grau_de_instrucao|              cargo|salario|\n+--------------+--------------+------------------+----------------+----------------+-----------------+-------------------+-------+\n|    2020-11-01|         95847|        1993-04-23|      2012-04-25|            null|        graduação|líder de tecnologia|   null|\n+--------------+--------------+------------------+----------------+----------------+-----------------+-------------------+-------+\n\n","removedWidgets":[],"addedWidgets":{},"metadata":{},"type":"ansi","arguments":{}}},"output_type":"display_data","data":{"text/plain":["+--------------+--------------+------------------+----------------+----------------+-----------------+-------------------+-------+\n|mes_referencia|Id_funcionario|data_de_nascimento|data_de_admissao|data_de_demissao|grau_de_instrucao|              cargo|salario|\n+--------------+--------------+------------------+----------------+----------------+-----------------+-------------------+-------+\n|    2020-11-01|         95847|        1993-04-23|      2012-04-25|            null|        graduação|líder de tecnologia|   null|\n+--------------+--------------+------------------+----------------+----------------+-----------------+-------------------+-------+\n\n"]}}],"execution_count":0},{"cell_type":"code","source":["# Substituir o valor nulo da coluna salario.\ndf=df.na.fill(value=0,subset=[\"salario\"])\n"],"metadata":{"application/vnd.databricks.v1+cell":{"title":"","showTitle":false,"inputWidgets":{},"nuid":"e4770211-4ee7-4cbe-8449-ef156b816792"}},"outputs":[],"execution_count":0},{"cell_type":"code","source":["#Verificando se a coluna salario possui valor nulo\ndf.filter(\"salario is null\").show()"],"metadata":{"application/vnd.databricks.v1+cell":{"title":"","showTitle":false,"inputWidgets":{},"nuid":"a3745895-f5b8-476a-8e19-e37902f80844"}},"outputs":[{"output_type":"display_data","metadata":{"application/vnd.databricks.v1+output":{"datasetInfos":[],"data":"+--------------+--------------+------------------+----------------+----------------+-----------------+-----+-------+\n|mes_referencia|Id_funcionario|data_de_nascimento|data_de_admissao|data_de_demissao|grau_de_instrucao|cargo|salario|\n+--------------+--------------+------------------+----------------+----------------+-----------------+-----+-------+\n+--------------+--------------+------------------+----------------+----------------+-----------------+-----+-------+\n\n","removedWidgets":[],"addedWidgets":{},"metadata":{},"type":"ansi","arguments":{}}},"output_type":"display_data","data":{"text/plain":["+--------------+--------------+------------------+----------------+----------------+-----------------+-----+-------+\n|mes_referencia|Id_funcionario|data_de_nascimento|data_de_admissao|data_de_demissao|grau_de_instrucao|cargo|salario|\n+--------------+--------------+------------------+----------------+----------------+-----------------+-----+-------+\n+--------------+--------------+------------------+----------------+----------------+-----------------+-----+-------+\n\n"]}}],"execution_count":0},{"cell_type":"code","source":["# Retirando as duplicidades\ndf = df.distinct()\ndisplay(df)"],"metadata":{"application/vnd.databricks.v1+cell":{"title":"","showTitle":false,"inputWidgets":{},"nuid":"59e12298-9dcf-4f5d-873e-ee3f1fa4eae6"}},"outputs":[{"output_type":"display_data","metadata":{"application/vnd.databricks.v1+output":{"overflow":false,"datasetInfos":[],"data":[["2020-09-01",46457,"1982-02-12","1998-11-07",null,"pós graduação","analista de BI",5900.0],["2020-02-01",13456,"1960-03-05","2002-02-11",null,"ensino médio comp","assistente de rh",1400.0],["2020-07-01",24457,"2000-07-26","2020-05-10",null,"mestrado","gerente de produção",12100.0],["2020-08-01",59393,"1998-05-17","2019-01-08",null,"ensino médio completo","assistente administrativo",1520.0],["2020-12-01",46578,"1972-01-11","2009-11-26",null,"ensino superior completo","analista de sistemas senior",8300.0],["2020-06-01",24457,"2000-07-26","2020-05-10",null,"mestrado","gerente de produção",12100.0],["2020-04-01",11223,"1995-04-01","2018-06-01",null,"4ª série completo","operador de colheita I",1500.0],["2020-05-01",24457,"2000-07-26","2020-05-10",null,"mestrado","gerente de produção",11500.0],["2020-05-01",57687,"1991-05-28","2015-10-18",null,"doutorado","cientista de dados",7200.0],["2020-09-01",13456,"1960-03-05","2002-02-11",null,"ensino médio comp","assistente de rh",1520.0],["2020-01-01",11223,"1995-04-01","2018-06-01",null,"4ª série co